Prat          1.13e+03 
Crat          6.36e+04 
reduced_c     6.36e+04 
Vmax          9.00e-01 
Tunit         1.00e+07 
Compt         0  
rotate_theta  0  
rotate_phi    0  
adv_flag:     1  
nzeta:        4  
npsi:         2  
taucell:      5.000000e+00  
source_flag:  2  
nfreq      :  1  
fre_ratio:    1.000000e+00  
nu_min:       0.000000e+00  
nu_max:       4.799247e-18  
iteration:    1  
red_or_black: 0  
err_limit:    1.000000e-06  
n_limit:      100  
tau_scheme    1  
 0   8.819171e-01   3.333333e-01   3.333333e-01    3.125000e-02
 1   8.819171e-01   -3.333333e-01   3.333333e-01    3.125000e-02
 2   8.819171e-01   -3.333333e-01   -3.333333e-01    3.125000e-02
 3   8.819171e-01   3.333333e-01   -3.333333e-01    3.125000e-02
 4   6.299408e-01   5.491696e-01   5.491696e-01    3.125000e-02
 5   6.299408e-01   -5.491696e-01   5.491696e-01    3.125000e-02
 6   6.299408e-01   -5.491696e-01   -5.491696e-01    3.125000e-02
 7   6.299408e-01   5.491696e-01   -5.491696e-01    3.125000e-02
 8   3.779645e-01   6.546537e-01   6.546537e-01    3.125000e-02
 9   3.779645e-01   -6.546537e-01   6.546537e-01    3.125000e-02
10   3.779645e-01   -6.546537e-01   -6.546537e-01    3.125000e-02
11   3.779645e-01   6.546537e-01   -6.546537e-01    3.125000e-02
12   1.259882e-01   7.014724e-01   7.014724e-01    3.125000e-02
13   1.259882e-01   -7.014724e-01   7.014724e-01    3.125000e-02
14   1.259882e-01   -7.014724e-01   -7.014724e-01    3.125000e-02
15   1.259882e-01   7.014724e-01   -7.014724e-01    3.125000e-02
16   -1.259882e-01   7.014724e-01   7.014724e-01    3.125000e-02
17   -1.259882e-01   -7.014724e-01   7.014724e-01    3.125000e-02
18   -1.259882e-01   -7.014724e-01   -7.014724e-01    3.125000e-02
19   -1.259882e-01   7.014724e-01   -7.014724e-01    3.125000e-02
20   -3.779645e-01   6.546537e-01   6.546537e-01    3.125000e-02
21   -3.779645e-01   -6.546537e-01   6.546537e-01    3.125000e-02
22   -3.779645e-01   -6.546537e-01   -6.546537e-01    3.125000e-02
23   -3.779645e-01   6.546537e-01   -6.546537e-01    3.125000e-02
24   -6.299408e-01   5.491696e-01   5.491696e-01    3.125000e-02
25   -6.299408e-01   -5.491696e-01   5.491696e-01    3.125000e-02
26   -6.299408e-01   -5.491696e-01   -5.491696e-01    3.125000e-02
27   -6.299408e-01   5.491696e-01   -5.491696e-01    3.125000e-02
28   -8.819171e-01   3.333333e-01   3.333333e-01    3.125000e-02
29   -8.819171e-01   -3.333333e-01   3.333333e-01    3.125000e-02
30   -8.819171e-01   -3.333333e-01   -3.333333e-01    3.125000e-02
31   -8.819171e-01   3.333333e-01   -3.333333e-01    3.125000e-02
