200
2.997924580000000000e+09 3.193590000000000166e-04
3.213450719775331497e+09 3.453780000000000261e-04
3.444468983488422394e+09 3.738850000000000159e-04
3.692098095528976440e+09 4.053659999999999946e-04
3.957525599815187454e+09 4.400159999999999965e-04
4.242037955733403683e+09 4.781510000000000643e-04
4.547001648670825958e+09 5.201939999999999733e-04
4.873889536481119156e+09 5.665769999999999661e-04
5.224284962463665962e+09 6.181049999999999782e-04
5.599860616373746872e+09 6.751770000000000037e-04
6.002439838943160057e+09 7.384109999999999068e-04
6.433963468418487549e+09 8.086050000000000008e-04
6.896521010993763924e+09 8.865709999999999520e-04
7.392316975139688492e+09 9.732719999999999609e-04
7.923764437842610359e+09 1.070060000000000282e-03
8.493401950868485451e+09 1.178360000000000041e-03
9.104014248535516739e+09 1.299339999999999957e-03
9.758519649361515045e+09 1.434640000000000047e-03
1.046005359255007744e+10 1.599380000000000072e-03
1.121205674236304283e+10 1.792460000000000060e-03
1.201809004574044800e+10 2.010590000000000033e-03
1.288210974561705017e+10 2.257190000000000064e-03
1.380819383543977356e+10 2.536259999999999817e-03
1.480091128116514587e+10 2.852350000000000024e-03
1.586497277273569107e+10 3.210749999999999629e-03
1.700554526322954750e+10 3.618489999999999814e-03
1.822801140647420502e+10 4.081689999999999797e-03
1.953847233718073273e+10 4.608359999999999713e-03
2.094312506112640381e+10 5.208149999999999932e-03
2.244879688494514847e+10 5.891600000000000309e-03
2.406270732333772278e+10 6.670799999999999300e-03
2.579259222933443451e+10 7.559159999999998797e-03
2.764669420954101944e+10 8.571000000000000493e-03
2.963430251868253708e+10 9.716189999999999549e-03
3.176480925801133728e+10 1.090610000000000017e-02
3.404844336322584915e+10 1.222230000000000018e-02
3.649623195533663940e+10 1.369889999999999997e-02
3.911998157478198242e+10 1.536990000000000058e-02
4.193235796420133972e+10 1.726369999999999988e-02
4.494693459591719055e+10 1.941290000000000029e-02
4.817823793062995148e+10 2.185569999999999874e-02
5.164178818065779114e+10 2.463610000000000105e-02
5.535444129936649323e+10 2.785220000000000057e-02
5.933394252102370453e+10 3.155179999999999790e-02
6.359956679925749207e+10 3.579920000000000324e-02
6.817183418228123474e+10 4.067670000000000313e-02
7.307270356305421448e+10 4.628149999999999625e-02
7.832612443141589355e+10 5.272649999999999559e-02
8.395689973367237854e+10 6.014080000000000120e-02
8.999263290607269287e+10 6.867180000000000506e-02
9.646235460299176025e+10 7.848650000000000071e-02
1.033973891329990082e+11 8.959179999999999922e-02
1.108306437063764343e+11 1.020949999999999913e-01
1.187983776758046265e+11 1.164049999999999946e-01
1.273387976842275238e+11 1.327849999999999864e-01
1.364932721420148621e+11 1.514429999999999943e-01
1.463065966511636963e+11 1.726570000000000049e-01
1.568247462911426697e+11 1.967150000000000010e-01
1.680988084758022461e+11 2.238110000000000099e-01
1.801832277530021362e+11 2.542059999999999875e-01
1.931378657664506226e+11 2.881850000000000245e-01
2.070218338259260559e+11 3.255370000000000208e-01
2.219057565192932434e+11 3.664819999999999744e-01
2.378587870324822388e+11 4.120590000000000086e-01
2.549580796870349121e+11 4.629719999999999946e-01
2.732864091741948547e+11 5.194480000000000208e-01
2.929348530891822510e+11 5.820419999999999483e-01
3.139937681456934204e+11 6.548829999999999929e-01
3.365671287564441528e+11 7.381069999999999576e-01
3.607636854177045898e+11 8.311079999999999579e-01
3.866992467043314819e+11 9.394010000000000415e-01
4.144999232644279785e+11 1.069020000000000081e+00
4.442988970795281982e+11 1.219969999999999999e+00
4.762397684507838135e+11 1.397739999999999982e+00
5.104770611583250732e+11 1.607380000000000031e+00
5.471763638686597900e+11 1.852850000000000108e+00
5.865138679391091309e+11 2.148369999999999891e+00
6.286789190141362305e+11 2.521100000000000119e+00
6.738756647889982910e+11 2.974340000000000206e+00
7.223201033150941162e+11 3.428230000000000111e+00
7.742493827543104248e+11 3.963799999999999990e+00
8.299120736143331299e+11 4.599750000000000227e+00
8.895760253526643066e+11 5.266020000000000145e+00
9.535262210404447021e+11 5.959179999999999922e+00
1.022076654268248901e+12 6.763279999999999959e+00
1.095556482144684204e+12 7.714109999999999800e+00
1.174316595571328369e+12 8.824579999999999202e+00
1.258738366454072510e+12 1.011980000000000146e+01
1.349231341839375488e+12 1.160190000000000055e+01
1.446232647666094238e+12 1.332799999999999940e+01
1.550204292901871338e+12 1.528989999999999760e+01
1.661645713588923340e+12 1.748689999999999856e+01
1.781107534547701172e+12 2.003180000000000049e+01
1.909153455731107178e+12 2.300339999999999918e+01
2.046406806965330078e+12 2.650829999999999842e+01
2.193517750526808594e+12 3.076709999999999923e+01
2.351221191325830078e+12 3.593229999999999791e+01
2.520259749649020996e+12 4.178050000000000352e+01
2.701441387699932617e+12 4.889699999999999847e+01
2.895650214426457520e+12 5.744469999999999743e+01
3.103817522412134766e+12 6.765229999999999677e+01
3.326953641208209473e+12 8.022329999999999472e+01
3.566134643407302734e+12 9.579110000000000014e+01
3.822508459967205566e+12 1.155439999999999969e+02
4.097310959284169434e+12 1.423769999999999811e+02
4.391874944147950684e+12 1.702369999999999948e+02
4.707611321791701172e+12 1.860399999999999920e+02
5.046051138419795898e+12 1.805680000000000121e+02
5.408809436607267578e+12 2.263859999999999957e+02
5.797661886086034180e+12 2.836020000000000323e+02
6.214461486160141602e+12 4.027090000000000032e+02
6.661225669694437500e+12 4.558650000000000091e+02
7.140108700053112305e+12 4.069420000000000073e+02
7.653428761073242188e+12 4.236770000000000209e+02
8.203647622852577148e+12 4.401170000000000186e+02
8.793424359395532227e+12 4.691340000000000146e+02
9.425568456563636719e+12 5.132559999999999718e+02
1.010320688841708008e+13 5.708200000000000500e+02
1.082951778895997266e+13 5.877839999999999918e+02
1.160807466836003711e+13 5.848110000000000355e+02
1.244261882626380078e+13 5.696570000000000391e+02
1.333709067937236719e+13 5.866119999999999663e+02
1.429591368827638672e+13 6.416369999999999436e+02
1.532367910447761133e+13 7.546309999999999718e+02
1.642536396410216992e+13 8.287970000000000255e+02
1.760616278182021094e+13 9.430940000000000509e+02
1.887184436316939062e+13 1.003669999999999959e+03
2.022863780515782812e+13 1.047789999999999964e+03
2.168292502639915625e+13 1.219180000000000064e+03
2.324170727736473828e+13 1.474280000000000200e+03
2.491253452774684766e+13 1.737380000000000109e+03
2.670352445509366406e+13 1.827410000000000082e+03
2.862335736177282422e+13 1.588480000000000018e+03
3.068110679913705859e+13 1.489789999999999964e+03
3.288680074024587891e+13 1.252369999999999891e+03
3.525108007652428125e+13 8.945380000000000109e+02
3.778531377219849219e+13 6.285380000000000109e+02
4.050176682932628906e+13 5.538479999999999563e+02
4.341351442543708594e+13 6.522680000000000291e+02
4.653457087154396875e+13 7.470860000000000127e+02
4.987994868791470312e+13 8.187450000000000045e+02
5.346591203762325781e+13 5.714080000000000155e+02
5.730964003746821875e+13 4.268759999999999764e+02
6.142973372265764844e+13 4.319839999999999804e+02
6.584605034560163281e+13 5.344160000000000537e+02
7.057975689629601562e+13 5.159679999999999609e+02
7.565377508712517188e+13 5.193029999999999973e+02
8.109271202166132812e+13 5.846159999999999854e+02
8.692256738263128125e+13 9.945819999999999936e+02
9.317153503810246875e+13 2.838860000000000127e+03
9.986956599952029688e+13 4.713059999999999491e+03
1.070496189966077500e+14 1.125509999999999991e+03
1.147456272701872031e+14 7.797799999999999727e+02
1.229948052054614688e+14 7.273910000000000764e+02
1.318365932707995469e+14 7.531630000000000109e+02
1.413148827452921562e+14 7.996219999999999573e+02
1.514738289282881250e+14 8.520430000000000064e+02
1.623641739149272812e+14 9.463529999999999518e+02
1.740358750486186562e+14 1.071940000000000055e+03
1.865483077688933125e+14 1.193599999999999909e+03
1.999589520233180000e+14 1.294700000000000045e+03
2.143349643600174688e+14 1.313619999999999891e+03
2.297436263315196562e+14 1.288920000000000073e+03
2.462603772035026250e+14 1.388339999999999918e+03
2.639645496728976250e+14 1.510719999999999800e+03
2.829405205934538750e+14 1.668680000000000064e+03
3.032814073096906875e+14 1.846769999999999982e+03
3.250846976462755625e+14 2.083719999999999800e+03
3.484556887577788125e+14 2.354019999999999982e+03
3.735066000700186875e+14 2.499460000000000036e+03
4.003585128403733750e+14 2.630019999999999982e+03
4.291405778513230000e+14 2.776059999999999945e+03
4.599920489033869375e+14 2.952949999999999818e+03
4.930618596037644375e+14 3.282750000000000000e+03
5.285079904027021250e+14 3.702670000000000073e+03
5.665033843665320000e+14 4.104619999999999891e+03
6.072299409566442500e+14 4.620100000000000364e+03
6.508850739917323750e+14 5.150489999999999782e+03
6.976785152431928750e+14 6.142720000000000255e+03
7.478340405257420000e+14 7.582640000000000327e+03
8.015969721439381250e+14 9.067309999999999491e+03
8.592257544925625000e+14 1.082039999999999964e+04
9.209959110193573750e+14 1.295250000000000000e+04
9.872083101453188750e+14 1.456410000000000036e+04
1.058178172320073375e+15 1.596889999999999964e+04
1.134254195862403000e+15 1.750770000000000073e+04
1.215797072767163750e+15 1.910750000000000000e+04
1.303201827484427000e+15 2.065209999999999854e+04
1.396891432991324000e+15 2.205770000000000073e+04
1.497315243232444250e+15 2.312809999999999854e+04
1.604962005664084250e+15 2.342290000000000146e+04
1.720344869536275500e+15 2.435570000000000073e+04
1.844014233343175000e+15 2.768290000000000146e+04
1.976584062978005000e+15 3.786959999999999854e+04
2.118689587912281750e+15 4.563490000000000146e+04
2.271000143929581000e+15 4.603559999999999854e+04
2.434269481547643500e+15 4.991390000000000146e+04
2.609273319117455000e+15 5.260490000000000146e+04
2.796858427637164000e+15 5.537280000000000291e+04
2.997924579999999500e+15 5.756940000000000146e+04
